1 2 5
1 3 3
2 3 1
2 4 6
3 4 2
4 5 4
5 6 7
6 7 2
7 8 5
8 9 3
9 10 8
10 11 4
11 12 6
12 13 2
13 14 7
14 15 3
15 16 4
16 17 5
17 18 3
18 19 6
19 20 2
20 21 4
21 22 7
22 23 1
23 24 8
24 25 5
25 26 3
26 27 6
27 28 4
28 29 2
29 30 7
30 1 5
2 15 9
3 16 4
4 17 6
5 18 3
6 19 7
7 20 4
8 21 2
9 22 5
10 23 3
11 24 6
12 25 4
13 26 2
14 27 5
15 28 3
16 29 7
17 30 4
18 1 6
19 2 3
20 3 7
21 4 4
22 5 2
23 6 8
24 7 5
25 8 3
26 9 6
27 10 4
28 11 7
29 12 5
30 13 3
1 14 6
2 25 8
3 26 2
4 27 7
5 28 4
6 29 3
7 30 5
8 1 4
9 2 6
10 3 2
11 4 5
12 5 3
13 6 7
14 7 4
15 8 2
16 9 5
17 10 3
18 11 6
19 12 4
20 13 7
21 14 3
22 15 5
23 16 2
24 17 8
25 18 5
26 19 3
27 20 6
28 21 4
29 22 2
30 23 7
1 24 5
2 5 3
3 6 6
4 7 2
5 8 7
6 9 4
7 10 3
8 11 5
9 12 2
10 13 8
11 14 5
12 15 3
13 16 6
14 17 2
15 18 7
16 19 4
17 20 3
18 21 5
19 22 2
20 23 7
21 24 4
22 25 3
23 26 5
24 27 2
25 28 8
26 29 5
27 30 3
28 1 6
29 2 4
30 3 7